434.00000 0.00000 1.00000 0.00000 0.00000 1.00000 2.00000 0.00000 0.00000 0.00000
17.00000 555.00000 1.00000 0.00000 0.00000 0.00000 1.00000 0.00000 0.00000 0.00000
240.00000 20.00000 269.00000 2.00000 2.00000 1.00000 3.00000 12.00000 0.00000 3.00000
215.00000 7.00000 0.00000 269.00000 0.00000 2.00000 3.00000 5.00000 2.00000 5.00000
208.00000 5.00000 0.00000 0.00000 288.00000 0.00000 4.00000 0.00000 2.00000 43.00000
201.00000 1.00000 0.00000 5.00000 1.00000 225.00000 2.00000 1.00000 0.00000 6.00000
168.00000 3.00000 0.00000 1.00000 4.00000 2.00000 272.00000 0.00000 0.00000 0.00000
115.00000 26.00000 2.00000 0.00000 0.00000 0.00000 0.00000 365.00000 0.00000 6.00000
232.00000 7.00000 4.00000 13.00000 2.00000 5.00000 5.00000 4.00000 199.00000 13.00000
144.00000 4.00000 1.00000 2.00000 1.00000 1.00000 1.00000 5.00000 2.00000 327.00000
