395.00000 0.00000 2.00000 0.00000 0.00000 29.00000 8.00000 2.00000 0.00000 2.00000
0.00000 566.00000 1.00000 1.00000 0.00000 0.00000 4.00000 0.00000 0.00000 2.00000
15.00000 84.00000 353.00000 7.00000 13.00000 8.00000 14.00000 22.00000 27.00000 9.00000
3.00000 24.00000 1.00000 387.00000 0.00000 40.00000 11.00000 9.00000 18.00000 15.00000
0.00000 15.00000 1.00000 0.00000 402.00000 4.00000 14.00000 3.00000 3.00000 108.00000
5.00000 7.00000 1.00000 20.00000 5.00000 366.00000 9.00000 5.00000 9.00000 15.00000
5.00000 16.00000 1.00000 1.00000 13.00000 23.00000 383.00000 2.00000 5.00000 1.00000
0.00000 49.00000 11.00000 0.00000 4.00000 7.00000 2.00000 396.00000 5.00000 40.00000
6.00000 29.00000 4.00000 32.00000 7.00000 22.00000 13.00000 12.00000 319.00000 40.00000
4.00000 15.00000 1.00000 4.00000 11.00000 8.00000 4.00000 11.00000 5.00000 425.00000
