431.00000 0.00000 1.00000 0.00000 0.00000 3.00000 3.00000 0.00000 0.00000 0.00000
8.00000 564.00000 1.00000 0.00000 0.00000 0.00000 1.00000 0.00000 0.00000 0.00000
151.00000 29.00000 340.00000 2.00000 3.00000 1.00000 4.00000 15.00000 4.00000 3.00000
117.00000 11.00000 0.00000 349.00000 0.00000 7.00000 3.00000 7.00000 7.00000 7.00000
94.00000 7.00000 0.00000 0.00000 374.00000 2.00000 5.00000 3.00000 3.00000 62.00000
128.00000 2.00000 0.00000 7.00000 2.00000 289.00000 3.00000 2.00000 2.00000 7.00000
77.00000 4.00000 1.00000 1.00000 6.00000 3.00000 357.00000 0.00000 1.00000 0.00000
66.00000 33.00000 2.00000 2.00000 1.00000 2.00000 0.00000 399.00000 1.00000 8.00000
165.00000 10.00000 3.00000 17.00000 3.00000 6.00000 3.00000 5.00000 254.00000 18.00000
48.00000 7.00000 1.00000 2.00000 6.00000 3.00000 1.00000 11.00000 4.00000 405.00000
