415.00000 1.00000 4.00000 1.00000 0.00000 9.00000 4.00000 3.00000 1.00000 0.00000
5.00000 565.00000 1.00000 0.00000 0.00000 0.00000 1.00000 0.00000 2.00000 0.00000
34.00000 53.00000 405.00000 3.00000 8.00000 2.00000 7.00000 19.00000 17.00000 4.00000
23.00000 18.00000 3.00000 409.00000 2.00000 15.00000 7.00000 8.00000 8.00000 15.00000
14.00000 11.00000 3.00000 0.00000 429.00000 1.00000 8.00000 2.00000 5.00000 77.00000
29.00000 5.00000 1.00000 8.00000 3.00000 373.00000 6.00000 3.00000 6.00000 8.00000
18.00000 7.00000 1.00000 1.00000 6.00000 7.00000 406.00000 1.00000 1.00000 2.00000
14.00000 39.00000 6.00000 1.00000 5.00000 4.00000 0.00000 428.00000 1.00000 16.00000
48.00000 20.00000 5.00000 27.00000 6.00000 12.00000 5.00000 7.00000 330.00000 24.00000
8.00000 10.00000 1.00000 3.00000 8.00000 0.00000 1.00000 14.00000 7.00000 436.00000
