426.00000 0.00000 1.00000 0.00000 0.00000 5.00000 4.00000 2.00000 0.00000 0.00000
287.00000 284.00000 1.00000 0.00000 0.00000 0.00000 2.00000 0.00000 0.00000 0.00000
285.00000 54.00000 175.00000 3.00000 4.00000 2.00000 5.00000 13.00000 9.00000 2.00000
255.00000 14.00000 0.00000 216.00000 0.00000 5.00000 3.00000 6.00000 2.00000 7.00000
275.00000 8.00000 0.00000 0.00000 212.00000 0.00000 6.00000 2.00000 0.00000 47.00000
225.00000 4.00000 0.00000 10.00000 2.00000 188.00000 3.00000 3.00000 1.00000 6.00000
228.00000 6.00000 0.00000 1.00000 5.00000 5.00000 204.00000 1.00000 0.00000 0.00000
258.00000 28.00000 3.00000 0.00000 1.00000 1.00000 0.00000 215.00000 0.00000 8.00000
245.00000 21.00000 1.00000 20.00000 2.00000 6.00000 4.00000 7.00000 159.00000 19.00000
245.00000 8.00000 1.00000 3.00000 2.00000 0.00000 1.00000 8.00000 1.00000 219.00000
