435.00000 0.00000 1.00000 0.00000 0.00000 1.00000 1.00000 0.00000 0.00000 0.00000
22.00000 550.00000 1.00000 0.00000 0.00000 0.00000 1.00000 0.00000 0.00000 0.00000
264.00000 16.00000 248.00000 2.00000 2.00000 1.00000 4.00000 12.00000 0.00000 3.00000
240.00000 5.00000 0.00000 247.00000 0.00000 2.00000 3.00000 5.00000 1.00000 5.00000
242.00000 5.00000 0.00000 0.00000 259.00000 0.00000 4.00000 0.00000 2.00000 38.00000
216.00000 1.00000 0.00000 5.00000 1.00000 210.00000 2.00000 1.00000 0.00000 6.00000
195.00000 3.00000 0.00000 1.00000 3.00000 2.00000 246.00000 0.00000 0.00000 0.00000
156.00000 23.00000 2.00000 0.00000 0.00000 0.00000 0.00000 328.00000 0.00000 5.00000
242.00000 4.00000 4.00000 13.00000 2.00000 5.00000 4.00000 4.00000 194.00000 12.00000
184.00000 4.00000 1.00000 2.00000 1.00000 1.00000 1.00000 4.00000 2.00000 288.00000
